dataset/JPEGImages/img_000086_014.jpg 182,111,214,143,0 217,217,249,249,0 217,182,249,214,0 323,182,355,214,0 146,359,178,391,0 253,217,285,249,0 146,288,178,320,0 182,217,214,249,0 146,217,178,249,0 146,253,178,285,0 217,323,249,355,0 323,394,355,426,0 253,394,285,426,0 288,288,320,320,0 253,253,285,285,1 217,288,249,320,1 288,217,320,249,1 182,323,214,355,1 253,288,285,320,1 182,288,214,320,1 182,253,214,285,1 253,323,285,355,1 111,217,143,249,1 146,323,178,355,1 288,359,320,391,1 253,359,285,391,1 323,288,355,320,1 182,359,214,391,1
dataset/JPEGImages/img_000332_001.jpg 253,253,285,285,0 288,288,320,320,1
dataset/JPEGImages/img_000432_023.jpg 182,111,214,143,0 217,217,249,249,0 217,182,249,214,0 323,182,355,214,0 146,359,178,391,0 253,217,285,249,0 146,288,178,320,0 182,217,214,249,0 146,217,178,249,0 146,253,178,285,0 217,323,249,355,0 323,394,355,426,0 253,394,285,426,0 288,288,320,320,0 182,394,214,426,0 217,394,249,426,0 146,394,178,426,0 146,182,178,214,0 182,182,214,214,0 217,359,249,391,0 394,359,426,391,0 40,217,72,249,0 394,40,426,72,0 253,253,285,285,1 217,288,249,320,1 288,217,320,249,1 182,323,214,355,1 253,288,285,320,1 182,288,214,320,1 182,253,214,285,1 253,323,285,355,1 111,217,143,249,1 146,323,178,355,1 288,359,320,391,1 253,359,285,391,1 323,288,355,320,1 182,359,214,391,1 111,288,143,320,1 288,394,320,426,1 111,394,143,426,1 146,146,178,178,1 323,359,355,391,1 359,359,391,391,1 75,253,107,285,1 253,182,285,214,1 288,253,320,285,1
dataset/JPEGImages/img_000649_006.jpg 253,253,285,285,0 323,323,355,355,0 323,253,355,285,0 323,288,355,320,0 146,430,178,462,0 288,253,320,285,0 288,288,320,320,1 253,323,285,355,1 217,359,249,391,1 182,394,214,426,1 323,217,355,249,1 359,253,391,285,1
dataset/JPEGImages/img_001603_006.jpg 253,253,285,285,0 323,253,355,285,0 288,217,320,249,0 217,288,249,320,0 323,182,355,214,0 253,182,285,214,0 288,288,320,320,1 288,253,320,285,1 288,323,320,355,1 182,323,214,355,1 359,146,391,178,1 288,359,320,391,1
dataset/JPEGImages/img_001866_004.jpg 40,40,72,72,0 288,217,320,249,0 217,217,249,249,0 253,182,285,214,0 253,253,285,285,1 288,288,320,320,1 253,217,285,249,1 253,288,285,320,1
dataset/JPEGImages/img_001973_003.jpg 253,253,285,285,0 323,253,355,285,0 288,217,320,249,0 288,288,320,320,1 288,253,320,285,1 288,323,320,355,1
dataset/JPEGImages/img_002094_004.jpg 253,253,285,285,0 323,253,355,285,0 288,217,320,249,0 323,323,355,355,0 288,288,320,320,1 288,253,320,285,1 288,323,320,355,1 288,359,320,391,1
dataset/JPEGImages/img_002484_007.jpg 253,253,285,285,0 253,288,285,320,0 323,253,355,285,0 288,217,320,249,0 359,288,391,320,0 217,288,249,320,0 394,323,426,355,0 288,288,320,320,1 253,323,285,355,1 288,253,320,285,1 253,217,285,249,1 253,182,285,214,1 182,323,214,355,1 430,359,462,391,1
dataset/JPEGImages/img_002489_007.jpg 253,253,285,285,0 217,288,249,320,0 182,253,214,285,0 288,323,320,355,0 217,359,249,391,0 288,146,320,178,0 217,323,249,355,0 288,288,320,320,1 288,217,320,249,1 288,253,320,285,1 253,323,285,355,1 288,182,320,214,1 323,253,355,285,1 359,217,391,249,1
dataset/JPEGImages/img_003035_010.jpg 217,217,249,249,0 217,288,249,320,0 182,253,214,285,0 323,253,355,285,0 182,217,214,249,0 217,323,249,355,0 394,146,426,178,0 253,182,285,214,0 253,359,285,391,0 182,288,214,320,0 253,253,285,285,1 217,253,249,285,1 288,253,320,285,1 253,288,285,320,1 323,217,355,249,1 359,182,391,214,1 253,217,285,249,1 253,323,285,355,1 146,288,178,320,1 146,253,178,285,1
dataset/JPEGImages/img_003354_002.jpg 253,253,285,285,0 323,253,355,285,0 288,288,320,320,1 288,253,320,285,1
dataset/JPEGImages/img_003855_006.jpg 75,146,107,178,0 253,217,285,249,0 253,182,285,214,0 323,182,355,214,0 288,146,320,178,0 146,359,178,391,0 253,253,285,285,1 288,217,320,249,1 217,288,249,320,1 288,182,320,214,1 182,323,214,355,1 288,288,320,320,1
dataset/JPEGImages/img_003900_014.jpg 253,253,285,285,0 323,253,355,285,0 288,217,320,249,0 323,323,355,355,0 288,394,320,426,0 359,288,391,320,0 394,323,426,355,0 359,359,391,391,0 253,359,285,391,0 394,359,426,391,0 217,182,249,214,0 430,182,462,214,0 394,394,426,426,0 430,288,462,320,0 288,288,320,320,1 288,253,320,285,1 288,323,320,355,1 288,359,320,391,1 323,288,355,320,1 253,182,285,214,1 430,359,462,391,1 359,253,391,285,1 359,323,391,355,1 253,217,285,249,1 394,217,426,249,1 253,288,285,320,1 394,288,426,320,1 323,394,355,426,1
dataset/JPEGImages/img_003948_005.jpg 40,40,72,72,0 288,217,320,249,0 217,217,249,249,0 253,182,285,214,0 182,253,214,285,0 253,253,285,285,1 288,288,320,320,1 253,217,285,249,1 253,288,285,320,1 253,323,285,355,1
dataset/JPEGImages/img_004078_008.jpg 253,253,285,285,0 323,253,355,285,0 288,217,320,249,0 217,288,249,320,0 323,182,355,214,0 253,182,285,214,0 288,394,320,426,0 288,182,320,214,0 288,288,320,320,1 288,253,320,285,1 288,323,320,355,1 182,323,214,355,1 359,146,391,178,1 288,359,320,391,1 359,288,391,320,1 359,182,391,214,1
dataset/JPEGImages/img_004099_011.jpg 217,217,249,249,0 217,288,249,320,0 182,253,214,285,0 323,253,355,285,0 182,217,214,249,0 217,323,249,355,0 394,146,426,178,0 253,182,285,214,0 253,359,285,391,0 182,288,214,320,0 182,323,214,355,0 253,253,285,285,1 217,253,249,285,1 288,253,320,285,1 253,288,285,320,1 323,217,355,249,1 359,182,391,214,1 253,217,285,249,1 253,323,285,355,1 146,288,178,320,1 146,253,178,285,1 288,288,320,320,1
dataset/JPEGImages/img_004348_012.jpg 40,40,72,72,0 288,217,320,249,0 217,217,249,249,0 253,182,285,214,0 182,253,214,285,0 253,359,285,391,0 323,253,355,285,0 323,288,355,320,0 182,288,214,320,0 288,323,320,355,0 394,394,426,426,0 359,323,391,355,0 253,253,285,285,1 288,288,320,320,1 253,217,285,249,1 253,288,285,320,1 253,323,285,355,1 146,288,178,320,1 359,288,391,320,1 217,288,249,320,1 323,323,355,355,1 359,359,391,391,1 359,253,391,285,1 288,359,320,391,1
dataset/JPEGImages/img_004656_003.jpg 288,253,320,285,0 253,288,285,320,0 288,288,320,320,0 253,253,285,285,1 217,323,249,355,1 217,288,249,320,1
dataset/JPEGImages/img_004773_018.jpg 182,111,214,143,0 217,217,249,249,0 217,182,249,214,0 323,182,355,214,0 146,359,178,391,0 253,217,285,249,0 146,288,178,320,0 182,217,214,249,0 146,217,178,249,0 146,253,178,285,0 217,323,249,355,0 323,394,355,426,0 253,394,285,426,0 288,288,320,320,0 182,394,214,426,0 217,394,249,426,0 146,394,178,426,0 146,182,178,214,0 253,253,285,285,1 217,288,249,320,1 288,217,320,249,1 182,323,214,355,1 253,288,285,320,1 182,288,214,320,1 182,253,214,285,1 253,323,285,355,1 111,217,143,249,1 146,323,178,355,1 288,359,320,391,1 253,359,285,391,1 323,288,355,320,1 182,359,214,391,1 111,288,143,320,1 288,394,320,426,1 111,394,143,426,1 146,146,178,178,1
dataset/JPEGImages/img_004927_003.jpg 253,253,285,285,0 323,323,355,355,0 323,253,355,285,0 288,288,320,320,1 253,323,285,355,1 217,359,249,391,1
dataset/JPEGImages/img_004968_005.jpg 253,253,285,285,0 323,253,355,285,0 288,217,320,249,0 217,288,249,320,0 323,182,355,214,0 288,288,320,320,1 288,253,320,285,1 288,323,320,355,1 182,323,214,355,1 359,146,391,178,1
dataset/JPEGImages/img_005130_008.jpg 182,111,214,143,0 217,217,249,249,0 217,182,249,214,0 323,182,355,214,0 146,359,178,391,0 253,217,285,249,0 146,288,178,320,0 182,217,214,249,0 253,253,285,285,1 217,288,249,320,1 288,217,320,249,1 182,323,214,355,1 253,288,285,320,1 182,288,214,320,1 182,253,214,285,1 253,323,285,355,1
dataset/JPEGImages/img_005157_001.jpg 253,253,285,285,0 288,288,320,320,1
dataset/JPEGImages/img_005723_001.jpg 40,40,72,72,0 253,253,285,285,1
dataset/JPEGImages/img_006283_016.jpg 182,111,214,143,0 217,217,249,249,0 217,182,249,214,0 323,182,355,214,0 146,359,178,391,0 253,217,285,249,0 146,288,178,320,0 182,217,214,249,0 146,217,178,249,0 146,253,178,285,0 217,323,249,355,0 323,394,355,426,0 253,394,285,426,0 288,288,320,320,0 182,394,214,426,0 217,394,249,426,0 253,253,285,285,1 217,288,249,320,1 288,217,320,249,1 182,323,214,355,1 253,288,285,320,1 182,288,214,320,1 182,253,214,285,1 253,323,285,355,1 111,217,143,249,1 146,323,178,355,1 288,359,320,391,1 253,359,285,391,1 323,288,355,320,1 182,359,214,391,1 111,288,143,320,1 288,394,320,426,1
dataset/JPEGImages/img_006326_007.jpg 253,253,285,285,0 323,253,355,285,0 288,217,320,249,0 323,323,355,355,0 288,394,320,426,0 359,288,391,320,0 394,323,426,355,0 288,288,320,320,1 288,253,320,285,1 288,323,320,355,1 288,359,320,391,1 323,288,355,320,1 253,182,285,214,1 430,359,462,391,1
dataset/JPEGImages/img_006863_009.jpg 217,217,249,249,0 217,288,249,320,0 182,253,214,285,0 323,253,355,285,0 182,217,214,249,0 217,323,249,355,0 394,146,426,178,0 253,182,285,214,0 253,359,285,391,0 253,253,285,285,1 217,253,249,285,1 288,253,320,285,1 253,288,285,320,1 323,217,355,249,1 359,182,391,214,1 253,217,285,249,1 253,323,285,355,1 146,288,178,320,1
dataset/JPEGImages/img_006964_015.jpg 253,253,285,285,0 323,253,355,285,0 288,217,320,249,0 323,323,355,355,0 288,394,320,426,0 359,288,391,320,0 394,323,426,355,0 359,359,391,391,0 253,359,285,391,0 394,359,426,391,0 217,182,249,214,0 430,182,462,214,0 394,394,426,426,0 430,288,462,320,0 394,430,426,462,0 288,288,320,320,1 288,253,320,285,1 288,323,320,355,1 288,359,320,391,1 323,288,355,320,1 253,182,285,214,1 430,359,462,391,1 359,253,391,285,1 359,323,391,355,1 253,217,285,249,1 394,217,426,249,1 253,288,285,320,1 394,288,426,320,1 323,394,355,426,1 394,465,426,497,1
dataset/JPEGImages/img_006972_006.jpg 40,40,72,72,0 288,217,320,249,0 217,217,249,249,0 253,182,285,214,0 182,253,214,285,0 253,359,285,391,0 253,253,285,285,1 288,288,320,320,1 253,217,285,249,1 253,288,285,320,1 253,323,285,355,1 146,288,178,320,1
dataset/JPEGImages/img_007113_003.jpg 253,253,285,285,0 217,288,249,320,0 182,253,214,285,0 288,288,320,320,1 288,217,320,249,1 288,253,320,285,1
dataset/JPEGImages/img_007161_012.jpg 182,111,214,143,0 217,217,249,249,0 217,182,249,214,0 323,182,355,214,0 146,359,178,391,0 253,217,285,249,0 146,288,178,320,0 182,217,214,249,0 146,217,178,249,0 146,253,178,285,0 217,323,249,355,0 323,394,355,426,0 253,253,285,285,1 217,288,249,320,1 288,217,320,249,1 182,323,214,355,1 253,288,285,320,1 182,288,214,320,1 182,253,214,285,1 253,323,285,355,1 111,217,143,249,1 146,323,178,355,1 288,359,320,391,1 253,359,285,391,1
dataset/JPEGImages/img_007210_002.jpg 111,182,143,214,0 217,288,249,320,0 253,253,285,285,1 182,253,214,285,1
dataset/JPEGImages/img_007550_005.jpg 253,253,285,285,0 323,253,355,285,0 288,217,320,249,0 323,323,355,355,0 288,394,320,426,0 288,288,320,320,1 288,253,320,285,1 288,323,320,355,1 288,359,320,391,1 323,288,355,320,1
dataset/JPEGImages/img_007675_008.jpg 253,253,285,285,0 323,253,355,285,0 288,217,320,249,0 323,323,355,355,0 288,394,320,426,0 359,288,391,320,0 394,323,426,355,0 359,359,391,391,0 288,288,320,320,1 288,253,320,285,1 288,323,320,355,1 288,359,320,391,1 323,288,355,320,1 253,182,285,214,1 430,359,462,391,1 359,253,391,285,1
dataset/JPEGImages/img_007789_009.jpg 182,111,214,143,0 217,217,249,249,0 217,182,249,214,0 323,182,355,214,0 146,359,178,391,0 253,217,285,249,0 146,288,178,320,0 182,217,214,249,0 146,217,178,249,0 253,253,285,285,1 217,288,249,320,1 288,217,320,249,1 182,323,214,355,1 253,288,285,320,1 182,288,214,320,1 182,253,214,285,1 253,323,285,355,1 111,217,143,249,1
dataset/JPEGImages/img_007881_004.jpg 253,253,285,285,0 253,288,285,320,0 323,253,355,285,0 288,217,320,249,0 288,288,320,320,1 253,323,285,355,1 288,253,320,285,1 253,217,285,249,1
dataset/JPEGImages/img_008094_002.jpg 253,253,285,285,0 323,253,355,285,0 288,288,320,320,1 288,253,320,285,1
dataset/JPEGImages/img_008179_012.jpg 253,253,285,285,0 323,253,355,285,0 288,217,320,249,0 323,323,355,355,0 288,394,320,426,0 359,288,391,320,0 394,323,426,355,0 359,359,391,391,0 253,359,285,391,0 394,359,426,391,0 217,182,249,214,0 430,182,462,214,0 288,288,320,320,1 288,253,320,285,1 288,323,320,355,1 288,359,320,391,1 323,288,355,320,1 253,182,285,214,1 430,359,462,391,1 359,253,391,285,1 359,323,391,355,1 253,217,285,249,1 394,217,426,249,1 253,288,285,320,1
dataset/JPEGImages/img_008260_011.jpg 253,253,285,285,0 217,288,249,320,0 182,253,214,285,0 288,323,320,355,0 217,359,249,391,0 288,146,320,178,0 217,323,249,355,0 394,182,426,214,0 217,394,249,426,0 253,359,285,391,0 288,359,320,391,0 288,288,320,320,1 288,217,320,249,1 288,253,320,285,1 253,323,285,355,1 288,182,320,214,1 323,253,355,285,1 359,217,391,249,1 217,253,249,285,1 217,430,249,462,1 323,288,355,320,1 323,359,355,391,1
dataset/JPEGImages/img_008318_007.jpg 40,40,72,72,0 288,217,320,249,0 217,217,249,249,0 253,182,285,214,0 182,253,214,285,0 253,359,285,391,0 323,253,355,285,0 253,253,285,285,1 288,288,320,320,1 253,217,285,249,1 253,288,285,320,1 253,323,285,355,1 146,288,178,320,1 359,288,391,320,1
dataset/JPEGImages/img_008424_010.jpg 253,253,285,285,0 217,288,249,320,0 182,253,214,285,0 288,323,320,355,0 217,359,249,391,0 288,146,320,178,0 217,323,249,355,0 394,182,426,214,0 217,394,249,426,0 253,359,285,391,0 288,288,320,320,1 288,217,320,249,1 288,253,320,285,1 253,323,285,355,1 288,182,320,214,1 323,253,355,285,1 359,217,391,249,1 217,253,249,285,1 217,430,249,462,1 323,288,355,320,1
dataset/JPEGImages/img_008666_004.jpg 253,253,285,285,0 323,253,355,285,0 288,217,320,249,0 217,288,249,320,0 288,288,320,320,1 288,253,320,285,1 288,323,320,355,1 182,323,214,355,1
dataset/JPEGImages/img_008669_015.jpg 40,40,72,72,0 288,217,320,249,0 217,217,249,249,0 253,182,285,214,0 182,253,214,285,0 253,359,285,391,0 323,253,355,285,0 323,288,355,320,0 182,288,214,320,0 288,323,320,355,0 394,394,426,426,0 359,323,391,355,0 253,394,285,426,0 359,430,391,462,0 288,430,320,462,0 253,253,285,285,1 288,288,320,320,1 253,217,285,249,1 253,288,285,320,1 253,323,285,355,1 146,288,178,320,1 359,288,391,320,1 217,288,249,320,1 323,323,355,355,1 359,359,391,391,1 359,253,391,285,1 288,359,320,391,1 323,394,355,426,1 394,323,426,355,1 394,253,426,285,1
dataset/JPEGImages/img_008856_006.jpg 182,111,214,143,0 217,217,249,249,0 217,182,249,214,0 323,182,355,214,0 146,359,178,391,0 253,217,285,249,0 253,253,285,285,1 217,288,249,320,1 288,217,320,249,1 182,323,214,355,1 253,288,285,320,1 182,288,214,320,1
dataset/JPEGImages/img_008881_006.jpg 253,253,285,285,0 253,288,285,320,0 323,253,355,285,0 288,217,320,249,0 359,288,391,320,0 217,288,249,320,0 288,288,320,320,1 253,323,285,355,1 288,253,320,285,1 253,217,285,249,1 253,182,285,214,1 182,323,214,355,1
dataset/JPEGImages/img_008997_011.jpg 40,40,72,72,0 288,217,320,249,0 217,217,249,249,0 253,182,285,214,0 182,253,214,285,0 253,359,285,391,0 323,253,355,285,0 323,288,355,320,0 182,288,214,320,0 288,323,320,355,0 394,394,426,426,0 253,253,285,285,1 288,288,320,320,1 253,217,285,249,1 253,288,285,320,1 253,323,285,355,1 146,288,178,320,1 359,288,391,320,1 217,288,249,320,1 323,323,355,355,1 359,359,391,391,1 359,253,391,285,1
dataset/JPEGImages/img_009363_011.jpg 182,111,214,143,0 217,217,249,249,0 217,182,249,214,0 323,182,355,214,0 146,359,178,391,0 253,217,285,249,0 146,288,178,320,0 182,217,214,249,0 146,217,178,249,0 146,253,178,285,0 217,323,249,355,0 253,253,285,285,1 217,288,249,320,1 288,217,320,249,1 182,323,214,355,1 253,288,285,320,1 182,288,214,320,1 182,253,214,285,1 253,323,285,355,1 111,217,143,249,1 146,323,178,355,1 288,359,320,391,1
dataset/JPEGImages/img_009534_003.jpg 182,111,214,143,0 217,217,249,249,0 217,182,249,214,0 253,253,285,285,1 217,288,249,320,1 288,217,320,249,1
dataset/JPEGImages/img_009826_001.jpg 182,111,214,143,0 253,253,285,285,1
dataset/JPEGImages/img_010631_015.jpg 253,253,285,285,0 323,253,355,285,0 288,217,320,249,0 323,323,355,355,0 288,394,320,426,0 359,288,391,320,0 394,323,426,355,0 359,359,391,391,0 253,359,285,391,0 394,359,426,391,0 217,182,249,214,0 430,182,462,214,0 394,394,426,426,0 430,288,462,320,0 394,430,426,462,0 288,288,320,320,1 288,253,320,285,1 288,323,320,355,1 288,359,320,391,1 323,288,355,320,1 253,182,285,214,1 430,359,462,391,1 359,253,391,285,1 359,323,391,355,1 253,217,285,249,1 394,217,426,249,1 253,288,285,320,1 394,288,426,320,1 323,394,355,426,1 394,465,426,497,1
dataset/JPEGImages/img_010708_002.jpg 217,217,249,249,0 217,288,249,320,0 253,253,285,285,1 217,253,249,285,1
dataset/JPEGImages/img_010939_002.jpg 253,253,285,285,0 253,288,285,320,0 288,288,320,320,1 253,323,285,355,1
dataset/JPEGImages/img_010987_006.jpg 253,253,285,285,0 323,253,355,285,0 288,217,320,249,0 323,323,355,355,0 288,394,320,426,0 359,288,391,320,0 288,288,320,320,1 288,253,320,285,1 288,323,320,355,1 288,359,320,391,1 323,288,355,320,1 253,182,285,214,1
dataset/JPEGImages/img_011244_024.jpg 182,111,214,143,0 217,217,249,249,0 217,182,249,214,0 323,182,355,214,0 146,359,178,391,0 253,217,285,249,0 146,288,178,320,0 182,217,214,249,0 146,217,178,249,0 146,253,178,285,0 217,323,249,355,0 323,394,355,426,0 253,394,285,426,0 288,288,320,320,0 182,394,214,426,0 217,394,249,426,0 146,394,178,426,0 146,182,178,214,0 182,182,214,214,0 217,359,249,391,0 394,359,426,391,0 40,217,72,249,0 394,40,426,72,0 430,217,462,249,0 253,253,285,285,1 217,288,249,320,1 288,217,320,249,1 182,323,214,355,1 253,288,285,320,1 182,288,214,320,1 182,253,214,285,1 253,323,285,355,1 111,217,143,249,1 146,323,178,355,1 288,359,320,391,1 253,359,285,391,1 323,288,355,320,1 182,359,214,391,1 111,288,143,320,1 288,394,320,426,1 111,394,143,426,1 146,146,178,178,1 323,359,355,391,1 359,359,391,391,1 75,253,107,285,1 253,182,285,214,1 288,253,320,285,1 323,253,355,285,1
dataset/JPEGImages/img_011598_008.jpg 253,253,285,285,0 253,288,285,320,0 323,253,355,285,0 288,217,320,249,0 359,288,391,320,0 217,288,249,320,0 394,323,426,355,0 323,182,355,214,0 288,288,320,320,1 253,323,285,355,1 288,253,320,285,1 253,217,285,249,1 253,182,285,214,1 182,323,214,355,1 430,359,462,391,1 359,146,391,178,1
dataset/JPEGImages/img_011833_004.jpg 253,253,285,285,0 323,323,355,355,0 323,253,355,285,0 323,288,355,320,0 288,288,320,320,1 253,323,285,355,1 217,359,249,391,1 182,394,214,426,1
dataset/JPEGImages/img_011900_007.jpg 253,253,285,285,0 323,323,355,355,0 323,253,355,285,0 323,288,355,320,0 146,430,178,462,0 288,253,320,285,0 217,253,249,285,0 288,288,320,320,1 253,323,285,355,1 217,359,249,391,1 182,394,214,426,1 323,217,355,249,1 359,253,391,285,1 182,253,214,285,1
dataset/JPEGImages/img_011961_006.jpg 253,253,285,285,0 217,288,249,320,0 182,253,214,285,0 288,323,320,355,0 217,359,249,391,0 288,146,320,178,0 288,288,320,320,1 288,217,320,249,1 288,253,320,285,1 253,323,285,355,1 288,182,320,214,1 323,253,355,285,1
dataset/JPEGImages/img_012181_005.jpg 253,253,285,285,0 217,288,249,320,0 182,253,214,285,0 288,323,320,355,0 217,359,249,391,0 288,288,320,320,1 288,217,320,249,1 288,253,320,285,1 253,323,285,355,1 288,182,320,214,1
dataset/JPEGImages/img_012443_011.jpg 253,253,285,285,0 323,253,355,285,0 288,217,320,249,0 323,323,355,355,0 288,394,320,426,0 359,288,391,320,0 394,323,426,355,0 359,359,391,391,0 253,359,285,391,0 394,359,426,391,0 217,182,249,214,0 288,288,320,320,1 288,253,320,285,1 288,323,320,355,1 288,359,320,391,1 323,288,355,320,1 253,182,285,214,1 430,359,462,391,1 359,253,391,285,1 359,323,391,355,1 253,217,285,249,1 394,217,426,249,1
dataset/JPEGImages/img_012798_010.jpg 253,253,285,285,0 253,288,285,320,0 323,253,355,285,0 288,217,320,249,0 359,288,391,320,0 217,288,249,320,0 394,323,426,355,0 323,182,355,214,0 323,217,355,249,0 359,217,391,249,0 288,288,320,320,1 253,323,285,355,1 288,253,320,285,1 253,217,285,249,1 253,182,285,214,1 182,323,214,355,1 430,359,462,391,1 359,146,391,178,1 323,288,355,320,1 217,182,249,214,1
dataset/JPEGImages/img_013032_009.jpg 253,253,285,285,0 323,253,355,285,0 288,217,320,249,0 323,323,355,355,0 288,394,320,426,0 359,288,391,320,0 394,323,426,355,0 359,359,391,391,0 253,359,285,391,0 288,288,320,320,1 288,253,320,285,1 288,323,320,355,1 288,359,320,391,1 323,288,355,320,1 253,182,285,214,1 430,359,462,391,1 359,253,391,285,1 359,323,391,355,1
dataset/JPEGImages/img_013066_020.jpg 182,111,214,143,0 217,217,249,249,0 217,182,249,214,0 323,182,355,214,0 146,359,178,391,0 253,217,285,249,0 146,288,178,320,0 182,217,214,249,0 146,217,178,249,0 146,253,178,285,0 217,323,249,355,0 323,394,355,426,0 253,394,285,426,0 288,288,320,320,0 182,394,214,426,0 217,394,249,426,0 146,394,178,426,0 146,182,178,214,0 182,182,214,214,0 217,359,249,391,0 253,253,285,285,1 217,288,249,320,1 288,217,320,249,1 182,323,214,355,1 253,288,285,320,1 182,288,214,320,1 182,253,214,285,1 253,323,285,355,1 111,217,143,249,1 146,323,178,355,1 288,359,320,391,1 253,359,285,391,1 323,288,355,320,1 182,359,214,391,1 111,288,143,320,1 288,394,320,426,1 111,394,143,426,1 146,146,178,178,1 323,359,355,391,1 359,359,391,391,1
dataset/JPEGImages/img_013132_004.jpg 111,182,143,214,0 217,288,249,320,0 288,146,320,178,0 323,323,355,355,0 253,253,285,285,1 182,253,214,285,1 217,253,249,285,1 288,253,320,285,1
dataset/JPEGImages/img_013494_008.jpg 40,40,72,72,0 288,217,320,249,0 217,217,249,249,0 253,182,285,214,0 182,253,214,285,0 253,359,285,391,0 323,253,355,285,0 323,288,355,320,0 253,253,285,285,1 288,288,320,320,1 253,217,285,249,1 253,288,285,320,1 253,323,285,355,1 146,288,178,320,1 359,288,391,320,1 217,288,249,320,1
dataset/JPEGImages/img_013628_001.jpg 75,146,107,178,0 253,253,285,285,1
dataset/JPEGImages/img_013685_008.jpg 253,253,285,285,0 323,323,355,355,0 323,253,355,285,0 323,288,355,320,0 146,430,178,462,0 288,253,320,285,0 217,253,249,285,0 323,359,355,391,0 288,288,320,320,1 253,323,285,355,1 217,359,249,391,1 182,394,214,426,1 323,217,355,249,1 359,253,391,285,1 182,253,214,285,1 323,394,355,426,1
dataset/JPEGImages/img_013761_014.jpg 40,40,72,72,0 288,217,320,249,0 217,217,249,249,0 253,182,285,214,0 182,253,214,285,0 253,359,285,391,0 323,253,355,285,0 323,288,355,320,0 182,288,214,320,0 288,323,320,355,0 394,394,426,426,0 359,323,391,355,0 253,394,285,426,0 359,430,391,462,0 253,253,285,285,1 288,288,320,320,1 253,217,285,249,1 253,288,285,320,1 253,323,285,355,1 146,288,178,320,1 359,288,391,320,1 217,288,249,320,1 323,323,355,355,1 359,359,391,391,1 359,253,391,285,1 288,359,320,391,1 323,394,355,426,1 394,323,426,355,1
dataset/JPEGImages/img_013764_004.jpg 253,253,285,285,0 217,288,249,320,0 182,253,214,285,0 288,323,320,355,0 288,288,320,320,1 288,217,320,249,1 288,253,320,285,1 253,323,285,355,1
dataset/JPEGImages/img_014017_001.jpg 217,217,249,249,0 253,253,285,285,1
dataset/JPEGImages/img_014065_018.jpg 182,111,214,143,0 217,217,249,249,0 217,182,249,214,0 323,182,355,214,0 146,359,178,391,0 253,217,285,249,0 146,288,178,320,0 182,217,214,249,0 146,217,178,249,0 146,253,178,285,0 217,323,249,355,0 323,394,355,426,0 253,394,285,426,0 288,288,320,320,0 182,394,214,426,0 217,394,249,426,0 146,394,178,426,0 146,182,178,214,0 253,253,285,285,1 217,288,249,320,1 288,217,320,249,1 182,323,214,355,1 253,288,285,320,1 182,288,214,320,1 182,253,214,285,1 253,323,285,355,1 111,217,143,249,1 146,323,178,355,1 288,359,320,391,1 253,359,285,391,1 323,288,355,320,1 182,359,214,391,1 111,288,143,320,1 288,394,320,426,1 111,394,143,426,1 146,146,178,178,1
dataset/JPEGImages/img_014113_022.jpg 182,111,214,143,0 217,217,249,249,0 217,182,249,214,0 323,182,355,214,0 146,359,178,391,0 253,217,285,249,0 146,288,178,320,0 182,217,214,249,0 146,217,178,249,0 146,253,178,285,0 217,323,249,355,0 323,394,355,426,0 253,394,285,426,0 288,288,320,320,0 182,394,214,426,0 217,394,249,426,0 146,394,178,426,0 146,182,178,214,0 182,182,214,214,0 217,359,249,391,0 394,359,426,391,0 40,217,72,249,0 253,253,285,285,1 217,288,249,320,1 288,217,320,249,1 182,323,214,355,1 253,288,285,320,1 182,288,214,320,1 182,253,214,285,1 253,323,285,355,1 111,217,143,249,1 146,323,178,355,1 288,359,320,391,1 253,359,285,391,1 323,288,355,320,1 182,359,214,391,1 111,288,143,320,1 288,394,320,426,1 111,394,143,426,1 146,146,178,178,1 323,359,355,391,1 359,359,391,391,1 75,253,107,285,1 253,182,285,214,1
dataset/JPEGImages/img_014190_013.jpg 40,40,72,72,0 288,217,320,249,0 217,217,249,249,0 253,182,285,214,0 182,253,214,285,0 253,359,285,391,0 323,253,355,285,0 323,288,355,320,0 182,288,214,320,0 288,323,320,355,0 394,394,426,426,0 359,323,391,355,0 253,394,285,426,0 253,253,285,285,1 288,288,320,320,1 253,217,285,249,1 253,288,285,320,1 253,323,285,355,1 146,288,178,320,1 359,288,391,320,1 217,288,249,320,1 323,323,355,355,1 359,359,391,391,1 359,253,391,285,1 288,359,320,391,1 323,394,355,426,1
dataset/JPEGImages/img_014302_002.jpg 182,111,214,143,0 217,217,249,249,0 253,253,285,285,1 217,288,249,320,1
dataset/JPEGImages/img_014320_007.jpg 253,253,285,285,0 253,288,285,320,0 323,253,355,285,0 288,217,320,249,0 359,288,391,320,0 217,288,249,320,0 394,323,426,355,0 288,288,320,320,1 253,323,285,355,1 288,253,320,285,1 253,217,285,249,1 253,182,285,214,1 182,323,214,355,1 430,359,462,391,1
dataset/JPEGImages/img_014373_009.jpg 75,146,107,178,0 253,217,285,249,0 253,182,285,214,0 323,182,355,214,0 288,146,320,178,0 146,359,178,391,0 217,217,249,249,0 288,323,320,355,0 253,323,285,355,0 253,253,285,285,1 288,217,320,249,1 217,288,249,320,1 288,182,320,214,1 182,323,214,355,1 288,288,320,320,1 288,253,320,285,1 182,253,214,285,1 217,253,249,285,1
dataset/JPEGImages/img_014969_010.jpg 182,111,214,143,0 217,217,249,249,0 217,182,249,214,0 323,182,355,214,0 146,359,178,391,0 253,217,285,249,0 146,288,178,320,0 182,217,214,249,0 146,217,178,249,0 146,253,178,285,0 253,253,285,285,1 217,288,249,320,1 288,217,320,249,1 182,323,214,355,1 253,288,285,320,1 182,288,214,320,1 182,253,214,285,1 253,323,285,355,1 111,217,143,249,1 146,323,178,355,1
dataset/JPEGImages/img_015420_010.jpg 40,40,72,72,0 288,217,320,249,0 217,217,249,249,0 253,182,285,214,0 182,253,214,285,0 253,359,285,391,0 323,253,355,285,0 323,288,355,320,0 182,288,214,320,0 288,323,320,355,0 253,253,285,285,1 288,288,320,320,1 253,217,285,249,1 253,288,285,320,1 253,323,285,355,1 146,288,178,320,1 359,288,391,320,1 217,288,249,320,1 323,323,355,355,1 359,359,391,391,1
dataset/JPEGImages/img_015542_007.jpg 253,253,285,285,0 323,253,355,285,0 288,217,320,249,0 217,288,249,320,0 323,182,355,214,0 253,182,285,214,0 288,394,320,426,0 288,288,320,320,1 288,253,320,285,1 288,323,320,355,1 182,323,214,355,1 359,146,391,178,1 288,359,320,391,1 359,288,391,320,1
dataset/JPEGImages/img_015555_005.jpg 217,217,249,249,0 217,288,249,320,0 182,253,214,285,0 323,253,355,285,0 182,217,214,249,0 253,253,285,285,1 217,253,249,285,1 288,253,320,285,1 253,288,285,320,1 323,217,355,249,1
dataset/JPEGImages/img_015725_007.jpg 75,146,107,178,0 253,217,285,249,0 253,182,285,214,0 323,182,355,214,0 288,146,320,178,0 146,359,178,391,0 217,217,249,249,0 253,253,285,285,1 288,217,320,249,1 217,288,249,320,1 288,182,320,214,1 182,323,214,355,1 288,288,320,320,1 288,253,320,285,1
dataset/JPEGImages/img_016087_002.jpg 40,40,72,72,0 288,217,320,249,0 253,253,285,285,1 288,288,320,320,1
dataset/JPEGImages/img_016225_010.jpg 253,253,285,285,0 323,253,355,285,0 288,217,320,249,0 323,323,355,355,0 288,394,320,426,0 359,288,391,320,0 394,323,426,355,0 359,359,391,391,0 253,359,285,391,0 394,359,426,391,0 288,288,320,320,1 288,253,320,285,1 288,323,320,355,1 288,359,320,391,1 323,288,355,320,1 253,182,285,214,1 430,359,462,391,1 359,253,391,285,1 359,323,391,355,1 253,217,285,249,1
dataset/JPEGImages/img_016432_012.jpg 253,253,285,285,0 217,288,249,320,0 182,253,214,285,0 288,323,320,355,0 217,359,249,391,0 288,146,320,178,0 217,323,249,355,0 394,182,426,214,0 217,394,249,426,0 253,359,285,391,0 288,359,320,391,0 182,359,214,391,0 288,288,320,320,1 288,217,320,249,1 288,253,320,285,1 253,323,285,355,1 288,182,320,214,1 323,253,355,285,1 359,217,391,249,1 217,253,249,285,1 217,430,249,462,1 323,288,355,320,1 323,359,355,391,1 146,359,178,391,1
dataset/JPEGImages/img_016625_003.jpg 253,253,285,285,0 253,288,285,320,0 323,253,355,285,0 288,288,320,320,1 253,323,285,355,1 288,253,320,285,1
dataset/JPEGImages/img_016659_003.jpg 40,40,72,72,0 288,217,320,249,0 217,217,249,249,0 253,253,285,285,1 288,288,320,320,1 253,217,285,249,1
dataset/JPEGImages/img_017005_004.jpg 75,146,107,178,0 253,217,285,249,0 253,182,285,214,0 323,182,355,214,0 253,253,285,285,1 288,217,320,249,1 217,288,249,320,1 288,182,320,214,1
dataset/JPEGImages/img_017246_003.jpg 111,182,143,214,0 217,288,249,320,0 288,146,320,178,0 253,253,285,285,1 182,253,214,285,1 217,253,249,285,1
dataset/JPEGImages/img_017304_017.jpg 182,111,214,143,0 217,217,249,249,0 217,182,249,214,0 323,182,355,214,0 146,359,178,391,0 253,217,285,249,0 146,288,178,320,0 182,217,214,249,0 146,217,178,249,0 146,253,178,285,0 217,323,249,355,0 323,394,355,426,0 253,394,285,426,0 288,288,320,320,0 182,394,214,426,0 217,394,249,426,0 146,394,178,426,0 253,253,285,285,1 217,288,249,320,1 288,217,320,249,1 182,323,214,355,1 253,288,285,320,1 182,288,214,320,1 182,253,214,285,1 253,323,285,355,1 111,217,143,249,1 146,323,178,355,1 288,359,320,391,1 253,359,285,391,1 323,288,355,320,1 182,359,214,391,1 111,288,143,320,1 288,394,320,426,1 111,394,143,426,1
dataset/JPEGImages/img_017322_008.jpg 253,253,285,285,0 217,288,249,320,0 182,253,214,285,0 288,323,320,355,0 217,359,249,391,0 288,146,320,178,0 217,323,249,355,0 394,182,426,214,0 288,288,320,320,1 288,217,320,249,1 288,253,320,285,1 253,323,285,355,1 288,182,320,214,1 323,253,355,285,1 359,217,391,249,1 217,253,249,285,1
dataset/JPEGImages/img_017344_005.jpg 182,111,214,143,0 217,217,249,249,0 217,182,249,214,0 323,182,355,214,0 146,359,178,391,0 253,253,285,285,1 217,288,249,320,1 288,217,320,249,1 182,323,214,355,1 253,288,285,320,1
dataset/JPEGImages/img_017470_015.jpg 182,111,214,143,0 217,217,249,249,0 217,182,249,214,0 323,182,355,214,0 146,359,178,391,0 253,217,285,249,0 146,288,178,320,0 182,217,214,249,0 146,217,178,249,0 146,253,178,285,0 217,323,249,355,0 323,394,355,426,0 253,394,285,426,0 288,288,320,320,0 182,394,214,426,0 253,253,285,285,1 217,288,249,320,1 288,217,320,249,1 182,323,214,355,1 253,288,285,320,1 182,288,214,320,1 182,253,214,285,1 253,323,285,355,1 111,217,143,249,1 146,323,178,355,1 288,359,320,391,1 253,359,285,391,1 323,288,355,320,1 182,359,214,391,1 111,288,143,320,1
dataset/JPEGImages/img_017631_009.jpg 40,40,72,72,0 288,217,320,249,0 217,217,249,249,0 253,182,285,214,0 182,253,214,285,0 253,359,285,391,0 323,253,355,285,0 323,288,355,320,0 182,288,214,320,0 253,253,285,285,1 288,288,320,320,1 253,217,285,249,1 253,288,285,320,1 253,323,285,355,1 146,288,178,320,1 359,288,391,320,1 217,288,249,320,1 323,323,355,355,1
dataset/JPEGImages/img_017645_009.jpg 253,253,285,285,0 323,323,355,355,0 323,253,355,285,0 323,288,355,320,0 146,430,178,462,0 288,253,320,285,0 217,253,249,285,0 323,359,355,391,0 359,323,391,355,0 288,288,320,320,1 253,323,285,355,1 217,359,249,391,1 182,394,214,426,1 323,217,355,249,1 359,253,391,285,1 182,253,214,285,1 323,394,355,426,1 217,288,249,320,1
dataset/JPEGImages/img_018461_007.jpg 182,111,214,143,0 217,217,249,249,0 217,182,249,214,0 323,182,355,214,0 146,359,178,391,0 253,217,285,249,0 146,288,178,320,0 253,253,285,285,1 217,288,249,320,1 288,217,320,249,1 182,323,214,355,1 253,288,285,320,1 182,288,214,320,1 182,253,214,285,1
dataset/JPEGImages/img_018587_010.jpg 253,253,285,285,0 323,253,355,285,0 288,217,320,249,0 217,288,249,320,0 323,182,355,214,0 253,182,285,214,0 288,394,320,426,0 288,182,320,214,0 323,217,355,249,0 359,217,391,249,0 288,288,320,320,1 288,253,320,285,1 288,323,320,355,1 182,323,214,355,1 359,146,391,178,1 288,359,320,391,1 359,288,391,320,1 359,182,391,214,1 323,288,355,320,1 394,288,426,320,1
dataset/JPEGImages/img_018640_019.jpg 182,111,214,143,0 217,217,249,249,0 217,182,249,214,0 323,182,355,214,0 146,359,178,391,0 253,217,285,249,0 146,288,178,320,0 182,217,214,249,0 146,217,178,249,0 146,253,178,285,0 217,323,249,355,0 323,394,355,426,0 253,394,285,426,0 288,288,320,320,0 182,394,214,426,0 217,394,249,426,0 146,394,178,426,0 146,182,178,214,0 182,182,214,214,0 253,253,285,285,1 217,288,249,320,1 288,217,320,249,1 182,323,214,355,1 253,288,285,320,1 182,288,214,320,1 182,253,214,285,1 253,323,285,355,1 111,217,143,249,1 146,323,178,355,1 288,359,320,391,1 253,359,285,391,1 323,288,355,320,1 182,359,214,391,1 111,288,143,320,1 288,394,320,426,1 111,394,143,426,1 146,146,178,178,1 323,359,355,391,1
dataset/JPEGImages/img_018828_002.jpg 253,253,285,285,0 323,323,355,355,0 288,288,320,320,1 253,323,285,355,1
dataset/JPEGImages/img_019240_009.jpg 253,253,285,285,0 323,253,355,285,0 288,217,320,249,0 217,288,249,320,0 323,182,355,214,0 253,182,285,214,0 288,394,320,426,0 288,182,320,214,0 323,217,355,249,0 288,288,320,320,1 288,253,320,285,1 288,323,320,355,1 182,323,214,355,1 359,146,391,178,1 288,359,320,391,1 359,288,391,320,1 359,182,391,214,1 323,288,355,320,1
dataset/JPEGImages/img_019288_007.jpg 253,253,285,285,0 323,253,355,285,0 288,217,320,249,0 323,323,355,355,0 288,394,320,426,0 359,288,391,320,0 394,323,426,355,0 288,288,320,320,1 288,253,320,285,1 288,323,320,355,1 288,359,320,391,1 323,288,355,320,1 253,182,285,214,1 430,359,462,391,1
dataset/JPEGImages/img_019447_013.jpg 182,111,214,143,0 217,217,249,249,0 217,182,249,214,0 323,182,355,214,0 146,359,178,391,0 253,217,285,249,0 146,288,178,320,0 182,217,214,249,0 146,217,178,249,0 146,253,178,285,0 217,323,249,355,0 323,394,355,426,0 253,394,285,426,0 253,253,285,285,1 217,288,249,320,1 288,217,320,249,1 182,323,214,355,1 253,288,285,320,1 182,288,214,320,1 182,253,214,285,1 253,323,285,355,1 111,217,143,249,1 146,323,178,355,1 288,359,320,391,1 253,359,285,391,1 323,288,355,320,1
dataset/JPEGImages/img_019514_006.jpg 217,217,249,249,0 217,288,249,320,0 182,253,214,285,0 323,253,355,285,0 182,217,214,249,0 217,323,249,355,0 253,253,285,285,1 217,253,249,285,1 288,253,320,285,1 253,288,285,320,1 323,217,355,249,1 359,182,391,214,1
dataset/JPEGImages/img_019974_004.jpg 182,111,214,143,0 217,217,249,249,0 217,182,249,214,0 323,182,355,214,0 253,253,285,285,1 217,288,249,320,1 288,217,320,249,1 182,323,214,355,1
